1
5
3
52
154
44
82
42
96
109
219
122
19
168
16
119
235
118
185
103
24
86
184
117
115
150
43
105
135
123
124
39
191
74
198
250
116
228
32
138
161
69
129
40
91
94
188
22
35
27
75
53
90
194
245
165
256
63
203
213
217
49
37
226
81
158
55
176
166
88
156
26
47
97
143
30
234
201
48
68
2
132
79
78
254
225
41
113
50
246
183
127
241
242
148
233
160
108
157
190
34
223
84
193
64
139
207
172
99
112
100
58
14
10
202
60
56
38
104
182
145
174
133
147
23
215
136
159
169
227
232
192
66
25
197
111
142
130
209
204
149
171
239
212
173
71
72
216
153
77
196
236
126
4
238
54
180
189
110
163
92
187
243
125
224
253
151
18
120
80
28
59
101
11
70
222
205
208
247
206
231
140
141
221
199
218
195
13
237
177
56
211
249
45
107
102
144
170
252
244
51
114
20
167
65
255
12
186
200
230
229
29
15
137
248
9
251
98
21
106
46
7
179
17
240
83
178
95
85
8
36
131
128
121
164
181
31
162
6
61
87
33
62
89
214
175
73
152
146
76
220
155
93
134
210
67

